146
144
108
207
108
113
124
116
113
112
121
113
108
130
113
114
114
162
153
154
143
136
149
108
105
139
111
108
124
115
149
168
157
148
155
170
167
181
120
113
113
116
105
111
117
127
116
114
108
123
118
149
116
116
153
160
159
161
158
164
169
159
159
131
120
147
118
122
119
113
122
113
124
120
113
138
117
154
107
112
113
115
132
103
113
141
143
280
147
148
108
113
128
113
126
111
113
108
110
109
108
132
130
109
145
148
150
145
159
110
113
106
108
115
110
117
115
110
107
113
108
112
117
117
112
113
113
146
145
171
132
116
129
113
154
111
116
162
111
117
121
112
110
109
151
140
148
159
112
133
158
115
118
108
131
108
108
148
113
151
300
146
151
190
139
149
154
144
155
157
151
211
113
115
108
112
127
117
113
147
121
111
107
110
111
107
110
108
112
161
141
155
187
150
158
115
168
185
156
170
176
164
144
113
115
122
108
151
141
113
123
103
108
108
127
151
108
121
114
113
110
116
109
109
111
112
113
108
149
119
112
142
106
111
144
124
112
116
122
133
113
109
117
115
104
117
109
119
112
112
152
158
175
157
149
145
162
219
144
178
149
145
201
154
243
167
205
187
163
177
160
159
165
154
154
170
163
174
138
189
147
139
149
149
166
148
191
171
144
156
180
192
176
186
166
151
146
141
144
226
205
149
212
200
212
200
204
186
192
225
257
203
212
187
190
196
193
218
204
205
200
211
199
197
193
149
174
149
167
173
169
163
154
152
200
210
216
212
219
191
201
164
176
152
149
158
174
164
169
183
148
155
157
174
184
201
185
149
147
229
189
166
164
158
163
160
155
149
144
158
151
205
159
155
157
192
144
148
145
178
138
151
170
159
170
176
142
144
189
143
149
154
149
148
172
151
142
177
196
164
2880
211
201
148
194
208
179
155
153
149
179
148
154
146
168
160
149
141
140
203
159
150
179
164
148
151
176
163
164
146
163
174
164
209
149
159
156
163
149
182
144
155
174
190
197
184
156
140
150
159
154
144
142
164
155
151
148
146
149
154
151
149
194
154
159
143
5085
159
140
145
174
137
149
190
195
146
159
149
181
200
175
184
198
514
253
149
225
147
156
174
175
169
149
142
160
152
164
169
164
135
197
236
186
195
233
189
248
257
221
207
215
233
230
199
216
213
250
204
205
180
209
174
199
175
177
247
183
313
211
227
182
198
175
174
210
223
231
328
193
236
257
10378
257
185
226
10319
165
164
173
169
165
238
200
222
164
185
200
180
221
173
154
190
241
250
215
253
276
237
172
186
237
213
206
203
186
211
195
195
228
221
193
185
217
210
200
247
242
205
190
205
197
221
238
281
248
226
211
262
196
205
212
231
198
205
235
199
265
210
291
213
191
196
229
202
185
217
179
220
248
186
180
266
195
195
174
211
230
241
167
271
272
229
184
237
204
214
219
231
233
185
213
247
180
180
177
225
247
237
223
214
205
244
245
198
192
198
239
247
202
227
208
196
211
187
249
242
260
217
242
209
262
218
190
243
228
267
216
217
216
257
197
226
200
221
237
221
203
216
213
226
222
229
211
222
202
244
224
221
188
228
231
231
196
248
228
174
209
227
239
249
227
276
236
173
241
236
192
245
190
234
237
226
211
214
189
230
249
250
200
221
193
214
195
199
286
213
198
172
190
260
184
256
249
194
256
231
233
215
10715
197
203
226
272
212
244
244
278
246
241
380
261
204
259
222
194
185
236
275
248
238
220
263
307
229
234
1319
216
252
248
262
237
321
319
254
261
309
398
268
258
226
207
205
195
210
220
247
211
246
280
215
209
197
197
236
247
222
217
222
191
341
200
247
319
278
241
266
279
292
13053
205
205
198
344
205
195
225
228
245
233
214
213
223
253
231
224
228
211
340
242
187
175
190
265
238
221
237
256
193
217
277
240
245
221
258
277
213
233
308
253
213
231
247
212
268
247
247
200
208
254
213
243
241
250
271
171
200
266
174
222
269
237
240
198
220
203
227
247
221
229
243
217
240
221
226
241
204
189
199
259
255
239
256
241
233
268
233
304
281
231
215
252
212
221
254
231
202
226
205
219
206
220
238
262
261
227
231
212
187
267
200
255
257
229
284
230
269
205
223
293
267
366
339
219
237
283
259
251
294
256
253
205
219
213
198
257
207
261
224
243
212
249
247
200
217
220
191
212
248
211
216
202
277
235
259
231
193
200
190
212
226
211
195
208
257
217
221
216
271
335
225
732
252
307
252
257
288
212
257
261
267
274
306
221
261
251
276
294
272
250
236
289
255
309
220
280
305
272
278
220
236
256
270
325
278
245
292
267
277
313
294
255
292
261
251
247
241
311
289
267
287
308
285
299
235
261
280
287
274
321
303
319
275
312
225
270
268
379
257
242
240
262
252
272
262
278
298
314
260
251
291
310
320
255
264
227
283
267
239
302
7389
339
249
249
375
262
272
221
241
303
278
394
236
259
241
380
250
252
308
309
436
236
257
257
295
281
13092
255
325
254
221
261
237
253
211
218
262
288
237
286
267
226
263
258
270
260
264
320
247
274
222
279
240
272
307
276
262
279
262
288
255
2887
262
267
277
272
247
355
319
268
251
278
312
288
267
293
277
294
339
237
252
211
247
257
234
256
256
279
243
385
235
257
289
277
217
273
232
226
283
236
257
254
223
282
247
276
255
278
250
3773
280
217
241
319
246
272
236
264
294
242
245
277
308
334
290
269
272
283
319
258
325
245
279
287
257
333
288
313
268
283
343
253
305
291
281
299
265
278
291
250
283
285
257
255
277
313
247
276
278
275
234
315
280
305
359
303
252
277
277
267
260
313
247
276
288
314
1469
22096
279
233
252
278
270
259
229
257
288
266
289
255
275
258
364
219
313
305
270
282
234
241
507
247
232
289
320
474
302
232
289
248
334
303
315
305
4479
288
434
313
338
290
865
315
355
270
289
350
269
303
262
306
288
231
339
334
576
238
288
596
251
311
267
17852
278
435
267
321
292
316
292
259
329
344
283
288
261
275
334
503
286
277
268
1367
300
295
337
329
288
304
319
257
458
383
292
255
308
298
317
275
373
291
277
277
283
360
295
266
283
264
263
267
240
257
303
272
277
291
297
349
348
293
350
18869
2358
257
328
282
545
281
241
260
294
22010
9735
271
277
254
261
242
294
291
290
251
245
293
256
328
15722
329
238
277
319
375
410
309
273
261
315
268
344
930
330
328
281
277
268
335
298
7395
278
290
228
329
293
253
280
2235
284
312
265
298
348
329
400
250
243
295
254
296
316
251
294
267
337
298
303
266
351
293
262
3408
238
321
297
385
281
314
315
324
258
1405
1477
325
290
2827
316
742
277
351
273
253
288
5924
314
338
21243
2763
370
333
273
298
264
339
298
60177
336
253
282
623
281
464
230
450
3999
9012
2587
336
317
457
339
6918
1709
391
385
378
345
665
396
1145
363
339
17161
603
421
649
355
374
363
504
350
394
1485
998
8740
1194
5846
4180
554
324
2158
384
457
830
562
322
303
377
603
2449
6828
2786
437
297
358
316
316
328
332
2463
347
503
337
403
512
308
388
388
372
3895
509
380
538
345
419
392
355
3153
9293
699
321
349
6868
890
356
334
528
385
1095
320
339
322
321
342
299
581
547
381
385
298
450
353
400
334
385
435
371
288
475
307
328
389
443
339
449
325
365
342
355
329
313
353
366
711
390
366
4343
459
414
2174
432
357
311
319
340
557
375
355
46223
427
391
397
604
371
452
349
355
446
316
416
849
366
299
6781
413
413
930
301
378
384
321
318
350
362
356
350
360
349
359
378
872
323
644
519
346
321
552
365
375
5048
375
398
324
808
306
399
312
349
340
321
2405
306
288
368
272
327
339
330
354
289
366
401
350
380
410
333
2922
319
369
362
1338
311
342
340
324
328
325
395
335
337
1058
437
804
368
356
386
365
294
365
373
370
472
1662
380
1451
541
568
320
336
279
324
2665
365
297
312
5897
353
329
427
360
277
365
309
372
1048
4779
412
515
321
274
502
370
324
258
334
349
333
411
364
350
360
366
2869
375
390
445
996
341
2094
370
442
382
303
365
356
339
423
368
3530
591
385
391
526
372
355
643
443
472
385
329
375
355
397
385
298
610
504
1954
364
369
382
373
328
2462
520
572
360
555
651
911
325
360
6176
403
525
400
642
350
495
463
653
574
329
1398
763
521
306
403
2419
427
430
446
310
360
360
485
346
362
1964
349
401
508
1886
375
363
376
394
504
1781
321
373
568
378
542
545
391
346
6608
385
399
312
295
419
289
440
338
428
378
287
1015
361
329
349
324
1102
475
332
378
411
400
1499
300
344
916
353
2043
701
669
385
5639
5088
308
737
519
312
365
384
360
572
384
345
290
346
488
349
393
391
348
467
308
382
349
360
393
357
322
2155
291
386
294
332
348
1245
372
407
326
504
314
387
315
367
350
363
385
349
358
403
871
326
365
336
785
344
567
2119
366
360
339
724
6975
1446
324
566
319
326
252
407
333
405
355
4038
319
337
354
319
922
584
603
406
376
643
357
468
591
6623
636
605
13644
1054
737
561
566
585
540
380
498
327
327
588
540
405
581
567
1693
976
789
432
574
643
586
442
571
463
486
504
480
495
576
617
930
441
606
379
447
2781
2148
773
440
438
446
449
441
738
685
702
785
392
705
4469
989
702
940
885
806
957
751
710
651
868
732
885
1034
754
1673
825
688
1237
719
715
432
2460
601
853
713
1065
792
869
593
664
766
16261
715
638
713
1888
518
452
1560
4274
506
2094
430
419
581
2208
433
625
980
1535
888
631
4652
2983
4143
527
674
431
500
7212
508
653
550
576
638
2622
871
725
3160
696
944
1502
643
672
1391
895
452
595
707
411
959
597
1065
1420
545
514
8955
1034
4215
961
557
11013
673
566
694
541
425
1160
4061
498
4512
661
6771
549
481
8640
585
2970
919
661
3774
764
842
1274
887
2418
703
5329
792
1133
1047
786
633
831
792
576
931
880
12027
803
2793
1090
1000
2781
2686
2319
961
2018
942
1032
676
648
1698
881
1044
788
785
1032
667
795
921
724
802
666
653
603
4783
910
988
901
755
932
679
7050
704
830
5726
689
1261
722
11081
4081
724
1003
724
2407
699
812
1669
3731
1085
6125
669
4523
771
756
693
23808
610
895
2018
1287
982
821
1000
5120
993
978
660
709
7966
874
959
3008
877
763
916
5332
677
2591
679
528
6660
471
660
4136
754
8357
13796
674
522
533
480
595
509
5183
723
1622
16149
2604
3702
4359
1129
574
3081
2380
771
752
5380
1694
663
824
3479
944
618
796
478
985
518
1051
21627
1646
14101
1474
28075
1020
1064
656
1017
564
2722
6209
532
1337
662
772
830
688
2277
559
1528
865
730
646
850
835
7523
740
633
1362
941
10238
1127
2254
3765
1569
591
1038
543
5719
661
802
924
616
7146
643
674
2889
2470
795
11854
1058
2464
1330
579
712
2689
802
1883
9985
10049
1641
23957
7000
862
9877
598
699
1246
1101
598
742
658
2350
7156
1547
675
856
1573
1393
1728
3285
900
914
742
1446
651
5756
5750
957
592
879
1166
2187
2063
2625
17895
744
7237
1083
1286
607
658
3780
648
8155
927
5100
4920
1909
510
1053
842
2443
16163
1011
1430
3786
3333
3722
1563
1400
2717
674
2835
730
1574
9125
22208
7549
9382
2259
1085
871
3287
1130
1703
711
1493
2696
9027
6458
6489
5122
3574
992
1762
1183
1267
4877
1852
1462
1616
9629
3417
978
1755
4360
3844
1903
2481
686
1231
7485
664
4717
1210
7191
2321
530
804
566
640
6916
2389
4349
586
614
13586
10671
883
865
3859
988
988
612
679
800
8609
561
968
916
2519
760
1155
9769
1077
568
746
4162
676
730
917
9837
812
584
3754
607
523
1071
563
766
628
777
923
838
1817
909
602
597
1199
707
1140
900
2239
7548
826
818
5197
1192
870
971
907
1672
699
630
1091
1091
1012
1237
1107
1017
793
974
801
1951
920
775
4102
8719
1230
892
1060
869
1613
2925
1691
10385
813
1703
870
730
916
2156
827
995
1006
1587
11613
880
13209
1015
1231
910
8488
1051
921
747
747
1225
896
1446
838
3784
905
1012
1157
1101
819
18455
2172
750
8048
25016
2850
5088
30660
11600
2789
7544
4528
3449
10499
2926
30618
2959
15442
4750
2914
2060
4058
12554
4487
67718
4635
10316
8891
2154
4889
11471
19757
4537
2696
27235
1374
2274
4603
1253
14431
525
3062
842
1641
8929
5690
20817
6517
3711
700
817
628
4503
1068
1149
2624
858
893
3736
7404
861
751
716
1024
1738
4755
1050
1567
22744
7652
18128
3462
35681
828
1346
3597
2458
2032
19572
921
488
4385
12689
1152
1033
1429
1893
4145
1829
1924
1318
647
510
2615
802
3344
548
1116
748
3820
3556
797
1070
3627
504
478
21626
644
1274
567
1255
4692
717
7225
8381
2717
13734
652
1378
16546
868
13255
588
730
2681
579
622
1052
609
14854
443
745
452
6577
918
881
718
9258
622
524
3324
20833
764
949
504
7041
1209
6062
3902
617
501
540
2913
2159
836
1881
487
4167
2375
645
3006
1091
6174
1720
929
513
11651
3474
12737
2475
1260
661
7045
657
2289
1579
57873
1986
838
679
1023
1260
706
645
485
5618
4604
962
9693
868
4177
613
1053
4885
591
667
813
853
17060
492
1652
992
3072
1540
623
682
547
679
5076
3939
2797
700
148377
740
595
742
4746
8858
1304
828
1836
17395
769
2830
895
1425
20986
1003
5150
886
970
1364
1597
1021
689
10374
892
924
738
1744
420
1029
978
6372
1173
607
890
853
3042
613
1600
657
1112
9608
830
45298
635
712
1484
560
650
951
501
778
1809
742
586
1000
1031
733
982
621
2166
5852
4907
616
3395
581
6628
689
55122
988
13386
694
766
534
1943
1514
633
541
672
641
1279
818
1701
807
619
1852
746
1380
5290
838
630
4506
946
10064
1268
705
6251
6134
2013
2091
2480
787
696
648
631
2324
4440
66700
1574
602
759
2079
531
2645
644
965
763
2794
1197
769
523
619
952
946
506
741
526
2815
10715
1754
739
494
2655
676
2841
931
811
678
695
654
2566
863
570
1900
746
703
725
7778
590
810
713
797
743
5362
8505
24936
2305
10456
2878
1319
10565
1226
1074
787
533
818
817
897
12995
1648
533
2044
2707
999
1209
26408
850
833
885
4218
627
755
4432
708
468
792
903
612
1057
559
960
2155
533
3981
693
25282
823
17001
594
584
1005
671
591
878
1178
805
11332
817
502
795
4848
704
1088
712
1250
854
645
713
1348
5489
4389
8292
3843
872
825
1938
1083
1243
684
7607
1068
784
7450
3885
6577
6052
4316
19013
4411
2890
530
827
700
4515
1096
3178
699
1254
737
4931
711
678
2721
951
1525
2844
10334
4764
751
3648
5320
8538
1031
1065
918
957
1744
828
2385
10194
1091
709
813
6518
1952
2159
686
7582
691
812
688
692
961
17569
874
769
835
760
1457
2214
1245
8730
1644
6758
2910
917
1213
683
4123
8605
39618
5514
801
1591
3952
1815
661
1672
772
4817
1307
3644
4617
1326
733
880
1358
1466
1595
4796
677
799
8137
810
880
1176
1185
1060
6331
2533
775
8914
7740
910
831
922
1271
744
17832
2987
874
854
784
1015
6544
792
1919
4237
594
2619
3873
2099
806
1188
758
7609
676
720
4401
2223
1100
2397
4436
5851
773
677
499
640
725
813
655
1296
1065
1070
766
3714
777
1354
1126
3089
17148
5655
1896
755
1155
2753
5629
754
838
1183
5527
1182
2465
620
734
1016
3999
6888
754
900
1691
3595
3365
18115
3283
1091
4894
710
556
972
1484
1792
1958
11955
575
1289
1991
1116
2198
1414
1403
6207
3084
1378
7479
1058
2545
857
838
743
2008
1164
4689
660
2166
847
1729
1168
1221
1270
911
704
2440
120914
922
841
734
24909
826
17271
2038
5202
3647
716
5318
2002
814
3791
806
776
666
806
982
1289
1368
1058
3610
1564
777
5156
958
937
865
758
844
897
818
644
1110
1314
1091
2327
793
8161
2056
1142
16673
758
961
8614
1575
1075
879
1641
911
1189
1255
3578
696
1308
1019
2743
1127
873
26192
20219
1769
1231
6676
7257
796
2803
1547
741
2236
691
1073
1523
29140
870
1633
805
671
806
1281
1443
1727
1168
691
695
4319
10372
1236
968
23481
54579
1828
5381
812
801
841
881
3728
705
3004
964
1513
11963
2604
816
1053
936
1350
6582
902
925
721
962
1777
6169
2409
1465
24302
864
1132
1062
2664
1744
1726
5950
1383
2384
16816
6000
6720
1518
1372
823
1657
783
1556
761
751
1389
9444
669
1247
949
2668
1353
860
8445
3858
1744
11943
818
1078
37619
996
1527
2198
1337
943
1573
2124
4971
1517
1889
1080
783
854
1204
1555
6594
1047
21872
6064
1704
813
931
1183
8455
1258
7991
1156
1417
938
1302
6592
705
1061
8348
3209
2473
765
712
905
1016
1109
893
782
1281
11932
830
832
1014
1570
1186
4801
817
949
752
686
2111
1933
885
679
875
903
3376
7759
3956
1260
746
859
1302
821
2577
2346
738
2884
1044
1835
661
726
6565
863
1075
2537
4928
881
621
1573
1028
3440
951
4084
963
877
1270
1144
31676
1394
7188
792
1302
4052
769
811
1133
806
761
734
1189
741
906
5604
3570
823
3865
3249
4223
818
1526
1012
1153
1024
1399
1893
1208
1575
8924
2773
39352
926
1200
1182
10457
1023
627
1343
1337
2012
1374
1245
3093
31038
5594
1286
4158
902
1496
10901
3043
1703
797
7220
1291
775
174129
1153
1362
3696
818
1727
1930
2125
795
2837
1024
1518
2979
970
1199
1003
919
686
1706
2060
715
1129
1192
1879
1136
921
903
1343
1213
864
3123
1077
871
1687
1917
643
2124
779
2331
1108
6712
2161
1502
5403
3494
2307
1617
808
1873
2084
928
797
1131
984
1053
1520
1219
6880
2116
4645
1587
1400
1433
835
5434
42899
919
6263
27660
1892
1670
1651
1498
9308
1564
1318
1807
1790
2513
10621
2076
7704
1993
5220
1173
9945
2601
1377
20169
1930
3489
746
43106
14042
2880
4280
921
2305
1751
2182
13350
15056
4889
1142
6284
44049
5362
1950
977
5235
4842
6149
2332
2295
972
1312
1651
1739
2840
3401
1561
1682
5831
5239
1610
7271
11883
2369
2166
1193
2247
7951
6755
1003
4747
1416
8014
2964
7290
1635
5252
12603
2043
3197
3268
4966
2033
11013
13378
2809
13937
2761
3232
11984
1903
2997
1757
18584
1999
1049
1934
13428
2819
10817
12268
2927
2765
2130
10452
1564
1145
1340
4432
3359
1282
540
1285
1863
1504
1181
3839
2765
5414
2027
10594
3578
1536
2724
1703
869
1211
1946
2050
3425
7344
9917
8234
6144
1485
1586
5193
1523
2470
1516
7716
871
2197
2323
5587
2031
16154
2494
2594
1283
3135
665
12923
78840
1149
3800
5048
1475
1801
1471
38264
2174
4754
1446
3008
1522
1710
25504
8532
1040
1773
979
3950
1541
26652
1872
40402
12694
3360
4159
3926
2542
4216
1912
1543
2403
1231
16663
1572
2789
910
2058
3142
1718
2351
1179
19022
1915
2367
2056
2375
1655
2659
18168
2043
49435
1093
7055
7261
1612
2273
1791
2568
6583
3735
3743
1379
6960
1488
1477
1924
1821
9409
4525
59683
4139
1109
83556
793
3680
2063
4648
1425
16127
1230
2341
1975
1327
1325
1650
3318
1467
6296
759
1299
1652
3180
1389
12407
1847
1809
1805
2045
1799
1616
3291
1955
1595
3654
2853
2413
7754
1137
1115
6482
1868
1383
2810
4137
1674
1579
1233
2876
1667
3074
3311
1163
11487
1245
1325
1129
1103
3218
6755
978
5180
1429
1606
3536
1379
4989
2665
792
1085
1322
1489
1235
2256
1281
1466
1278
1298
1938
2330
6992
1995
2027
1932
1831
1620
858
1003
955
2568
1508
2190
1017
864
1248
2238
1574
1252
11970
2084
4072
16838
1205
2264
1309
2655
1551
1563
1614
824
1180
5068
2569
1354
1826
1332
1075
4435
1924
2937
963
2331
1893
833
2245
2050
1521
1274
11108
6295
12710
867
1596
15928
904
1458
1136
1471
1315
1673
1430
2544
957
13407
3453
1543
1739
5650
1069
12993
1138
931
909
3043
2174
1599
1564
2946
4333
3375
1514
990
1213
1976
2851
1929
1571
813
8749
2248
17274
4925
1554
1722
1744
1366
3768
3681
1069
2299
1609
6753
8147
2807
3570
18064
2308
2026
6935
2971
1651
14752
1090
5223
1424
1268
1588
2342
1676
2373
2110
1879
4456
1769
4008
1808
2657
2112
2223
2801
1620
1781
1646
2104
7964
949
1376
1374
1629
5950
1222
11950
1841
2646
1509
20216
1876
2405
1844
3291
108412
6193
105298
19737
13113
10597
12547
10281
7075
5527
2033
15772
9355
4749
23625
2648
1227
6429
1938
1863
8580
1039
2166
2798
2374
2929
1693
2992
3545
2351
6792
2099
1161
3611
3938
1984
919
2271
2199
5277
1181
2583
2552
2234
1765
11482
1031
9457
1995
3858
1509
1677
2284
5670
1473
5135
1533
9810
1340
3495
1614
3578
3098
3494
2017
17791
10773
4128
2987
7689
1407
5331
1313
1442
7155
6846
4418
17503
1845
2017
1298
9202
6653
4641
114396
2722
1153
3082
3401
2001
8646
7333
7061
9451
1404
3910
3772
13026
11889
2432
2310
14409
2095
5846
8854
1700
9191
4338
1220
1944
11150
2317
4405
4278
1380
3101
3246
2163
2276
112521
8672
1067
65415
1403
1761
4388
1615
1919
26251
65773
54852
2277
5610
17009
2045
1552
2959
4421
2798
815
2202
2224
1338
1776
8441
2985
4927
3904
2526
2438
2134
1018
3789
3129
1832
2800
3515
1698
3087
2855
6666
4720
14008
1792
3066
8162
1878
1430
6754
4187
1531
1652
3005
1608
9930
1922
2422
1888
1703
2071
10232
3003
4383
6927
6803
4512
723
1697
3671
1188
1372
2123
3072
1368
1706
1512
4405
1273
2261
1638
2490
2768
2496
5266
20591
3349
16835
3159
12447
2182
1832
9115
7843
63553
2130
6293
3738
6666
4060
2988
4388
2496
2317
1921
3641
2026
1169
3580
1501
1549
2442
4324
1734
65066
1545
3402
2753
3233
3944
13767
4976
2918
2238
2374
1451
2554
6031
1948
3401
2342
4885
2650
2228
14034
4601
6621
5867
2896
3700
2923
2562
3287
64950
4431
3688
1682
2725
2578
4295
5326
7046
4009
2585
16096
11070
7025
2792
42638
7330
1094
5577
4145
4487
10308
1556
7242
3699
2079
1596
10949
24616
5438
2815
3958
5836
2437
1307
5625
9701
3478
2778
1680
2090
1821
955
2017
2590
2533
1569
2243
1227
16187
1868
2912
4854
7232
3077
1765
2498
1263
7308
2724
17791
1783
6568
2895
6085
3196
3031
1821
2369
2712
2230
5003
2098
1085
9643
27913
13345
1784
10318
4910
120828
8138
10171
9789
10150
2185
1792
2166
1162
6551
2914
2358
4124
2927
5057
3135
2637
1630
1219
28190
6139
1955
10055
51730
1996
1964
1608
2063
1024
2315
2112
3351
1804
1926
31960
6151
3093
2309
1463
1034
22145
2321
15137
2403
1276
3829
1536
1643
2918
3499
42988
1049
10129
3679
2164
1375
1654
6597
1860
4511
4066
2342
25316
2624
1148
3849
9109
3523
1938
2154
2659
4965
1053
2787
3453
2385
1533
2221
1132
7138
993
1565
3262
3077
1340
2100
111636
5288
3012
2459
1003
1550
1415
3417
5429
1332
2041
4079
11992
3767
1420
4777
2571
1013
2974
2052
2056
6852
7932
13454
2969
3247
2527
2557
2660
3394
1945
1880
2912
1929
2897
9428
2876
2553
3073
2212
1803
1699
2879
1145
6644
5585
25462
1301
14387
29052
3798
2456
2071
24378
33245
5932
5810
14704
3515
2395
2806
21579
1530
3470
1945
2238
1579
4789
4759
30955
9328
1621
3384
5629
3033
2016
4918
2032
4192
7943
3635
6958
1677
5347
1338
3057
20438
4831
7009
7201
6843
2112
1455
3553
2146
14037
2509
11255
5446
2609
1579
6897
10795
5491
1323
952
8177
3184
16165
9869
1948
1949
4318
3396
3298
4482
27790
2912
6833
4889
7550
1959
17183
3084
5819
4148
2832
1814
3981
4354
1409
1655
3863
1720
3345
7612
2753
11763
7236
4062
2867
2265
4404
22158
4415
6513
4736
2192
2447
4130
3668
8931
1925
3371
1991
1779
2178
1760
6973
70228
6021
1835
3078
2292
11016
3048
2856
1379
1198
11916
9967
1991
20236
1246
2427
15765
1641
5249
10876
1363
1676
2612
4182
1604
5382
10666
3413
5331
2163
3595
2640
4214
5316
2712
2145
2844
1365
1775
1969
12821
1127
7082
3063
1799
3608
11620
9299
1173
13953
5028
5322
1690
1827
17446
2355
1874
1348
1831
4426
2551
15643
1613
2804
1990
12187
36803
7277
1746
3536
1104
3680
2820
3316
7582
2264
337122
1790
1491
3700
2229
17187
2585
1878
10138
2480
2297
3064
2073
2686
10204
1821
1421
6734
12054
1977
11656
1713
9191
6199
8388
3300
2180
2988
3782
1111
4970
3696
2243
1523
5141
1464
2568
2320
4009
3676
9019
1065
2889
2635
3125
19841
4553
3036
5895
3134
1318
3894
1780
3070
1677
2015
29179
1595
4799
2582
3561
1840
5146
8800
1145
2685
12701
3165
2839
16779
2137
2038
1698
1316
3283
2300
3063
12094
7982
2149
4336
3883
6837
129757
5857
2243
1955
2867
3504
27279
12620
1231
2103
2489
2960
4611
2965
5698
3180
4021
3458
5002
4264
1188
1979
3978
2192
2126
9725
4149
3434
2276
3445
3110
1817
12616
1572
4474
2243
5418
3118
2347
66055
1657
9010
1374
3754
8180
2210
4413
3793
4470
2368
1320
3031
2054
4645
3247
3746
8774
1933
13596
4882
4089
2652
2453
1717
1812
1826
5229
2376
1315
2693
3273
1430
4276
1744
1927
4756
1816
1769
11081
1677
2831
4331
4260
1729
1627
1814
2223
1818
2578
1693
2344
2249
1181
9966
1925
1982
2323
10663
2077
3230
1378
3221
6407
3350
2247
50692
2012
2018
2178
1756
4764
2691
5761
4011
13674
2337
2650
3065
101772
2799
2259
3000
1831
2678
2510
1036
1213
49546
3567
8087
14631
1775
8439
6047
35554
4724
7306
3166
6892
1775
1484
10759
10722
8903
12281
2238
2568
8270
19412
16509
4588
3832
2220
5894
2443
1788
7013
3884
2516
2620
7731
2753
1681
4062
7940
2189
4590
8064
12542
5826
30735
3226
6922
2922
3026
2574
24971
3129
3298
5827
5533
7094
5336
2706
3863
2541
4276
44778
6118
6802
1586
27585
85295
4219
9736
2604
6114
1096
3533
18336
11523
18511
2860
6447
3113
6394
9437
3587
18992
8983
6987
17053
10918
4647
18597
3026
4236
16043
2854
20958
2535
7047
37120
2887
3087
4426
6225
3692
2218
7195
12397
10287
27562
5300
2618
8673
4201
5942
9552
2114
3480
5383
18845
1965
1694
8471
7564
2272
6319
3406
4830
6050
1394
2828
2808
6438
1757
3947
1111
2483
2750
1900
5316
3978
1162
16276
6511
4485
6818
16165
5327
1240
1863
5095
4446
3046
3366
4949
3089
2528
1719
5019
1448
1716
2207
6117
1239
2650
7037
4040
7021
1699
3746
3264
4122
12828
111865
2708
3398
9843
4656
1428
13681
19264
35382
11960
4020
2485
3010
3390
3176
11543
2382
1835
1417
3904
2175
2737
3612
6817
4215
21706
11662
3821
3265
24095
2128
11461
4600
6751
2207
2372
5415
20973
4608
2762
4163
30027
2079
1750
2108
2306
2072
6579
4570
3612
3379
32050
1653
3889
5820
19155
4733
3556
6426
4634
4396
2864
3478
2254
27436
1491
2818
2323
6002
3629
2478
14698
2777
1707
1778
2192
1991
29335
27263
2152
2799
5660
1196
1943
1690
5614
4456
6045
3732
4544
4039
2213
5096
16315
2587
1512
2365
2425
3465
3602
2606
7046
11641
2021
2544
3374
2903
23569
1817
8077
1626
2262
2444
3072
1848
2717
1081
2604
4128
18522
17272
2816
6474
2301
4560
2427
1960
42105
2851
5362
2192
4176
4556
2534
1725
4434
16162
4359
2585
2106
5539
50705
2070
2080
2362
1677
2331
16169
2830
2707
2478
2131
8975
2536
2532
1809
3772
4317
3036
71936
2393
3806
13651
2862
3722
7748
2878
3556
4126
2508
5748
1722
3148
2810
6789
5004
5168
3432
2462
2305
14676
2944
2655
2751
2833
12674
3898
5244
2382
3551
4540
1900
2431
7284
11532
2336
5228
6080
2687
8578
10354
4979
1154
37609
4582
4384
2305
3805
3663
25798
2500
2810
2337
4158
11658
7396
1583
4095
3167
3221
9492
4307
2148
14506
2867
8893
4442
6345
3521
2165
10138
3021
5081
2298
1893
16346
23561
6637
31517
2068
1921
5226
4250
5571
6318
4450
2117
32032
2354
2487
13779
4544
27296
10668
8130
35250
21805
3492
2063
2231
3239
2647
5177
6170
5360
6438
3557
3259
4098
4102
4263
4070
3470
15232
3765
4899
6551
3180
61520
3980
13199
3285
1897
9692
3134
2568
5057
3226
4887
3121
3146
22600
1558
8964
4609
1887
36755
2058
3191
6474
19232
7767
11734
2736
2463
2755
3973
3102
32789
1420
5678
2717
2146
5563
8756
1688
16138
3262
2180
2669
3003
7570
2152
2850
21557
2299
31894
5493
32573
16205
3825
3577
3525
6036
4487
2731
3057
4755
12948
1319
2722
2791
2879
3142
3430
5507
1519
21941
2837
5799
4673
3369
4369
2725
2647
2277
2914
6139
2184
4341
7102
4477
2645
3129
27089
2497
2351
4307
3975
4379
59108
7771
10283
2656
3383
4251
2919
2210
4125
7148
2991
6248
9797
3072
32851
10526
4892
5150
18386
2449
5295
7242
3410
2424
7297
4734
2055
1803
1566
3222
2811
10509
4798
