15.974045
23.841858
11.920929
13.828278
13.113022
14.066696
13.828278
15.020370
13.828278
13.113022
13.828278
14.066696
12.874603
15.974045
13.828278
25.033951
15.020370
25.987625
12.874603
14.066696
14.066696
13.113022
12.874603
14.066696
13.828278
14.066696
28.848648
15.974045
12.874603
15.020370
18.119812
12.159348
13.828278
15.020370
18.119812
12.874603
13.828278
13.828278
14.066696
15.020370
13.113022
14.066696
11.920929
15.020370
13.113022
27.179718
18.835068
12.874603
15.020370
14.066696
13.828278
14.066696
15.974045
12.874603
14.066696
15.020370
14.066696
12.874603
15.020370
17.881393
13.113022
15.020370
14.066696
15.020370
19.073486
37.193298
14.066696
15.974045
11.920929
12.874603
14.066696
15.974045
12.159348
13.113022
14.066696
12.874603
12.874603
15.020370
14.066696
14.066696
12.874603
12.874603
15.974045
12.874603
17.881393
19.073486
16.927719
18.119812
17.881393
17.881393
22.888184
18.119812
17.881393
19.073486
17.881393
20.980835
13.828278
16.212463
16.212463
15.020370
16.927719
15.020370
14.066696
14.066696
14.066696
14.066696
15.020370
12.874603
14.066696
15.020370
15.020370
15.020370
14.781952
18.119812
16.212463
18.119812
12.874603
14.066696
15.974045
14.066696
14.066696
18.835068
24.080276
13.828278
15.974045
14.066696
14.066696
15.974045
15.020370
15.020370
15.020370
15.020370
20.027161
13.113022
15.020370
15.020370
12.874603
13.113022
12.874603
17.166138
12.874603
11.920929
13.828278
13.828278
12.874603
16.212463
13.113022
14.066696
15.020370
13.828278
12.159348
15.974045
15.974045
15.020370
15.020370
13.828278
15.020370
13.113022
13.828278
15.020370
36.001205
15.974045
15.974045
20.027161
14.066696
13.828278
15.974045
15.020370
15.974045
18.119812
14.066696
16.927719
15.020370
15.020370
15.974045
15.020370
15.974045
15.020370
15.020370
13.828278
15.020370
15.974045
15.020370
12.874603
43.153763
14.781952
12.874603
13.113022
20.027161
12.874603
16.927719
15.020370
15.020370
12.874603
16.927719
15.974045
14.066696
15.020370
15.020370
14.066696
15.020370
15.974045
22.888184
15.020370
14.066696
12.159348
15.974045
16.927719
15.020370
15.974045
16.212463
14.066696
16.927719
20.027161
15.020370
14.781952
15.974045
16.927719
13.113022
16.212463
15.974045
15.020370
12.874603
12.874603
15.020370
14.066696
13.828278
14.066696
14.066696
13.113022
13.828278
20.980835
15.974045
14.066696
15.974045
15.020370
14.066696
12.874603
13.113022
13.828278
13.113022
17.881393
15.020370
15.020370
14.066696
14.781952
13.113022
13.828278
12.874603
13.113022
25.987625
23.841858
29.087067
23.841858
28.848648
27.894974
24.080276
22.172928
30.040741
29.087067
23.841858
24.080276
24.080276
25.987625
22.888184
28.848648
23.126602
23.841858
24.795532
22.888184
23.841858
28.848648
32.901764
23.126602
25.987625
24.795532
20.027161
48.875809
27.894974
21.934509
29.087067
21.934509
28.133392
27.179718
38.146973
23.126602
25.033951
30.994415
34.093857
35.047531
29.802322
27.179718
29.802322
29.087067
25.033951
30.994415
23.126602
27.894974
23.841858
25.033951
37.193298
26.941299
29.087067
21.934509
23.126602
20.980835
20.980835
25.033951
25.987625
28.133392
24.080276
25.033951
29.802322
25.033951
24.080276
42.915344
27.179718
34.093857
46.014786
21.934509
30.994415
30.994415
25.987625
25.033951
22.172928
33.140182
25.987625
39.100647
23.841858
29.087067
25.987625
25.987625
31.948090
25.033951
23.126602
24.080276
24.080276
25.033951
32.901764
27.179718
30.994415
28.133392
21.934509
51.021576
25.033951
59.127808
42.915344
32.901764
25.033951
29.087067
31.948090
25.987625
22.888184
34.093857
34.809113
32.901764
24.080276
23.126602
20.980835
27.894974
24.080276
24.080276
25.987625
30.040741
23.841858
21.934509
24.080276
26.941299
27.894974
26.941299
36.001205
30.040741
32.186508
30.994415
24.080276
26.941299
20.980835
33.855438
46.968460
25.987625
25.987625
25.033951
30.994415
33.140182
36.954880
34.809113
25.033951
27.179718
23.841858
40.054321
25.987625
27.894974
24.080276
29.087067
30.040741
30.040741
30.040741
31.948090
43.153763
32.901764
36.954880
33.855438
34.093857
31.948090
34.093857
22.172928
23.126602
25.033951
32.901764
31.948090
30.040741
25.033951
25.987625
30.040741
25.033951
25.033951
33.140182
25.033951
26.941299
24.080276
25.987625
22.172928
28.848648
27.894974
33.855438
20.027161
33.855438
24.080276
21.934509
27.894974
25.033951
21.934509
31.948090
7821.083069
30.994415
28.133392
30.994415
34.093857
24.080276
24.795532
30.994415
25.033951
23.841858
29.087067
24.080276
35.047531
25.033951
25.033951
26.941299
26.941299
24.080276
29.087067
28.848648
25.033951
22.172928
22.172928
32.901764
30.994415
24.080276
21.934509
156.879425
25.033951
25.987625
25.033951
23.126602
23.126602
28.848648
22.172928
26.226044
23.126602
24.080276
23.126602
27.894974
24.080276
22.172928
31.948090
25.033951
40.769577
33.855438
20.980835
28.133392
27.894974
27.894974
30.994415
29.087067
24.080276
23.841858
26.941299
27.894974
27.894974
27.894974
22.888184
42.915344
27.894974
30.994415
27.179718
25.033951
27.179718
26.226044
25.033951
57.935715
53.167343
46.968460
54.836273
66.041946
49.114227
53.167343
58.889389
57.935715
58.889389
45.061111
67.949295
46.968460
68.902969
53.882599
81.062317
64.849854
68.902969
51.975250
61.035156
77.009201
81.062317
61.988831
59.843063
46.014786
66.995621
83.923340
50.067902
72.002411
1417.160034
76.055527
131.845474
51.975250
56.028366
59.127808
47.922134
63.180923
65.088272
77.009201
45.776367
65.088272
53.167343
51.975250
67.949295
100.135803
41.007996
143.051147
73.909760
55.074692
48.160553
67.949295
66.041946
68.902969
90.122223
82.969666
66.041946
59.843063
50.067902
127.077103
51.021576
46.968460
61.035156
54.836273
78.916550
48.875809
55.789948
91.075897
68.902969
53.882599
55.074692
56.982040
51.021576
84.877014
46.014786
56.982040
50.067902
60.081482
51.021576
54.121017
43.153763
51.021576
48.875809
51.975250
51.975250
59.843063
56.982040
46.014786
58.174133
50.067902
50.067902
72.002411
123.977661
43.869019
54.121017
53.882599
45.061111
66.995621
49.114227
67.949295
64.134598
53.882599
54.121017
120.878220
46.014786
55.074692
46.014786
44.107437
69.856644
53.882599
61.988831
51.975250
51.021576
52.213669
59.843063
77.009201
66.041946
46.968460
86.069107
59.127808
49.829483
45.061111
66.995621
74.863434
44.107437
47.922134
51.021576
66.041946
69.856644
48.875809
50.067902
49.114227
51.975250
53.882599
57.220459
47.922134
71.048737
66.995621
56.028366
51.975250
78.201294
64.134598
46.968460
52.928925
73.194504
47.922134
69.141388
50.067902
46.014786
56.982040
66.995621
51.975250
60.081482
59.127808
75.817108
43.153763
46.014786
56.028366
51.021576
44.107437
51.021576
39.815903
50.067902
64.134598
55.074692
70.095062
41.961670
52.928925
74.148178
61.035156
60.081482
55.074692
60.796738
49.114227
49.114227
52.928925
49.114227
53.882599
111.103058
58.174133
61.035156
66.041946
52.928925
56.982040
96.082687
46.014786
51.975250
41.961670
64.849854
46.968460
49.114227
59.127808
49.114227
51.975250
46.014786
56.982040
44.822693
58.889389
51.975250
61.988831
58.174133
52.928925
51.975250
45.061111
56.982040
58.889389
82.969666
133.037567
70.095062
52.928925
61.988831
57.220459
50.067902
48.160553
51.975250
70.810318
59.843063
48.160553
68.902969
46.968460
46.968460
51.021576
51.021576
51.975250
41.007996
72.002411
62.942505
60.081482
61.035156
61.988831
72.956085
51.021576
72.002411
48.160553
46.014786
54.121017
56.982040
72.956085
46.968460
57.220459
125.885010
72.956085
46.968460
56.982040
48.875809
62.942505
62.942505
93.936920
51.021576
41.007996
62.942505
56.028366
54.121017
56.982040
60.081482
47.206879
89.883804
56.028366
51.975250
43.869019
47.206879
46.968460
91.075897
48.875809
54.121017
49.114227
58.889389
67.949295
66.041946
66.041946
41.007996
68.187714
49.114227
50.067902
51.021576
48.875809
59.127808
61.988831
61.988831
62.942505
58.889389
57.935715
62.942505
133.037567
51.021576
59.127808
42.915344
56.982040
84.877014
61.988831
54.121017
70.095062
58.889389
69.141388
48.160553
44.107437
54.121017
44.822693
53.882599
46.014786
64.134598
65.088272
59.127808
63.896179
64.849854
63.896179
54.121017
55.074692
48.160553
67.949295
76.055527
70.095062
48.875809
66.041946
67.949295
53.167343
56.982040
53.167343
45.061111
68.902969
53.167343
54.836273
50.067902
47.206879
45.776367
52.928925
45.061111
58.889389
84.161758
43.153763
72.956085
51.021576
52.928925
102.043152
51.021576
77.009201
47.922134
59.127808
73.909760
55.789948
42.915344
51.021576
42.200089
55.074692
59.127808
57.935715
48.875809
51.975250
77.009201
50.067902
85.115433
51.975250
58.889389
102.043152
51.975250
43.869019
51.021576
55.074692
51.975250
42.200089
67.949295
72.956085
67.234039
76.055527
51.975250
51.975250
111.103058
123.023987
65.088272
51.975250
46.968460
58.889389
60.081482
51.021576
71.048737
68.187714
43.869019
60.796738
58.174133
64.134598
42.915344
58.889389
43.153763
56.028366
86.069107
56.028366
51.975250
71.048737
46.014786
77.962875
51.021576
72.956085
61.988831
54.121017
65.803528
77.009201
77.962875
66.041946
49.114227
51.975250
53.882599
59.127808
44.107437
51.021576
54.121017
58.174133
55.074692
61.035156
73.909760
56.982040
138.044357
57.935715
68.187714
77.009201
121.831894
83.923340
66.995621
55.074692
51.021576
112.056732
71.048737
56.028366
61.988831
46.014786
56.982040
46.968460
77.962875
55.074692
53.882599
67.949295
58.889389
52.928925
52.928925
81.062317
98.943710
51.975250
59.843063
61.988831
82.969666
48.160553
42.915344
54.121017
48.875809
53.167343
73.909760
112.056732
66.995621
92.983246
53.882599
50.067902
88.930130
70.810318
48.160553
62.942505
52.928925
51.021576
49.114227
41.961670
46.014786
60.081482
72.002411
55.074692
61.988831
64.849854
103.950500
47.922134
62.942505
46.968460
41.961670
61.988831
61.988831
85.115433
64.849854
67.949295
49.114227
51.975250
53.167343
57.935715
52.928925
87.022781
46.014786
51.975250
44.822693
51.021576
56.982040
48.875809
48.160553
51.975250
64.849854
67.949295
77.009201
46.968460
48.875809
58.174133
56.982040
72.002411
66.041946
71.763992
61.035156
41.961670
54.836273
65.803528
165.939331
62.942505
80.108643
61.988831
102.996826
102.996826
56.028366
76.055527
80.108643
1101.970673
133.991241
54.121017
1296.997070
115.871429
3211.021423
17014.980316
75.101852
77.009201
112.056732
88.930130
58.889389
134.944916
82.015991
74.148178
103.950500
426.054001
49.114227
72.002411
60.081482
51.975250
94.890594
87.022781
58.889389
68.902969
82.969666
66.995621
56.982040
72.002411
68.902969
197.172165
66.995621
72.002411
61.035156
82.969666
86.069107
93.936920
63.896179
66.041946
74.148178
48.875809
108.957291
51.975250
68.902969
65.088272
68.902969
60.081482
60.081482
63.896179
94.175339
68.902969
51.975250
73.194504
72.956085
112.056732
70.095062
54.836273
86.069107
70.095062
83.923340
53.882599
77.009201
64.134598
97.036362
51.975250
61.988831
47.922134
80.108643
77.962875
53.882599
75.817108
60.081482
65.088272
68.902969
72.956085
64.849854
52.928925
68.902969
72.956085
65.088272
77.962875
51.021576
87.976456
65.088272
59.843063
43.153763
61.988831
82.015991
72.002411
61.035156
102.996826
72.956085
48.160553
61.988831
61.988831
61.988831
56.982040
47.922134
92.029572
84.161758
73.194504
74.863434
61.035156
71.048737
58.174133
68.902969
55.074692
66.041946
95.129013
79.870224
72.002411
81.062317
68.902969
77.009201
75.101852
67.949295
68.902969
72.956085
71.048737
88.930130
66.995621
82.015991
38.862228
51.021576
51.021576
49.114227
56.028366
42.915344
69.856644
78.916550
63.896179
61.035156
72.002411
81.062317
97.036362
82.015991
78.916550
79.870224
99.897385
69.141388
71.048737
65.088272
82.969666
68.187714
53.882599
58.889389
77.962875
60.081482
67.949295
75.101852
57.935715
69.141388
71.048737
60.081482
56.028366
63.896179
66.995621
116.109848
66.995621
66.995621
92.029572
66.995621
79.870224
51.021576
96.082687
53.882599
66.995621
51.975250
84.877014
62.227249
77.962875
76.055527
55.074692
79.870224
71.048737
91.075897
49.114227
78.916550
87.976456
92.029572
77.009201
118.017197
68.187714
58.889389
79.154968
52.928925
80.823898
103.950500
77.962875
84.877014
54.836273
60.796738
100.135803
72.956085
65.088272
81.062317
72.002411
59.843063
89.883804
81.062317
56.028366
108.957291
72.956085
622.987747
59.843063
98.943710
51.021576
67.949295
66.995621
78.916550
55.074692
57.220459
73.909760
76.055527
47.922134
68.902969
57.935715
98.943710
102.996826
75.817108
74.148178
56.028366
78.916550
73.909760
63.180923
60.081482
72.956085
53.167343
74.148178
74.148178
60.081482
77.962875
53.882599
76.055527
55.074692
60.081482
67.949295
66.995621
44.822693
69.856644
47.922134
58.889389
64.849854
97.036362
47.922134
56.028366
61.988831
63.896179
63.896179
53.882599
62.942505
46.014786
110.149384
91.075897
78.916550
49.114227
66.041946
115.871429
102.996826
53.882599
43.153763
101.804733
56.028366
86.069107
79.154968
154.972076
51.021576
49.829483
68.902969
71.048737
97.990036
57.935715
65.088272
54.121017
46.014786
81.062317
45.061111
54.121017
56.028366
81.062317
95.844269
60.796738
62.942505
85.830688
74.863434
105.142593
61.988831
48.875809
101.089478
66.041946
61.988831
71.048737
71.048737
65.088272
61.035156
139.951706
56.982040
51.021576
75.101852
102.996826
55.074692
63.180923
78.916550
64.134598
118.017197
53.882599
56.028366
55.074692
82.015991
50.067902
46.014786
61.988831
1914.978027
45.061111
68.902969
65.088272
53.882599
130.891800
110.864639
74.148178
83.923340
62.942505
89.883804
61.988831
68.902969
56.028366
87.022781
55.074692
53.167343
77.009201
96.082687
68.902969
66.041946
58.889389
53.882599
105.142593
83.923340
57.935715
61.035156
71.048737
59.127808
179.052353
75.101852
114.917755
74.863434
48.875809
51.021576
53.167343
121.116638
52.928925
52.928925
104.904175
62.942505
87.976456
75.101852
51.975250
110.864639
68.187714
113.010406
77.009201
97.990036
68.902969
76.055527
64.134598
62.942505
68.902969
85.115433
48.875809
42.915344
98.943710
50.067902
82.015991
90.837479
50.067902
71.048737
61.988831
253.915787
71.048737
46.968460
55.074692
57.935715
89.883804
48.875809
58.889389
56.982040
96.082687
66.041946
96.082687
101.089478
61.988831
44.107437
81.062317
57.935715
79.870224
127.077103
53.882599
114.917755
56.982040
56.982040
52.213669
50.067902
78.916550
59.127808
51.975250
70.095062
51.021576
102.043152
48.875809
123.977661
66.995621
72.956085
138.044357
99.897385
56.982040
77.962875
79.154968
65.088272
77.962875
82.015991
55.074692
49.114227
66.041946
316.858292
53.882599
50.067902
65.088272
51.021576
61.988831
66.041946
80.108643
56.028366
113.010406
133.037567
119.924545
61.035156
74.148178
56.982040
51.021576
65.088272
92.029572
51.021576
58.889389
59.127808
61.035156
108.003616
55.789948
84.877014
65.088272
120.878220
27853.965759
53.167343
66.995621
69.141388
109.910965
50.067902
9181.976318
45.061111
62.942505
56.982040
49.114227
59.843063
71.048737
50.067902
64.134598
68.187714
61.988831
85.115433
56.028366
56.028366
113.010406
98.943710
72.002411
111.103058
3566.026688
61.035156
77.009201
56.028366
83.923340
107.049942
82.969666
61.988831
61.035156
71.048737
66.995621
4012.107849
56.982040
56.982040
57.935715
127.077103
69.141388
115.871429
88.930130
128.984451
75.101852
87.976456
93.936920
128.984451
80.823898
90.837479
86.069107
94.890594
194.072723
97.990036
134.944916
70.095062
78.916550
84.161758
2204.895020
129.938126
119.924545
75.101852
151.872635
100.135803
84.877014
186.920166
87.022781
569.105148
74.148178
84.161758
66.041946
813.007355
81.062317
128.030777
154.018402
136.852264
140.190125
123.023987
81.062317
87.976456
259.876251
76.055527
71.048737
69.856644
411.987305
79.154968
123.023987
67.949295
118.970871
106.811523
86.069107
70.810318
109.195709
100.135803
170.946121
117.063522
107.765198
92.983246
118.017197
1648.902893
67.949295
87.022781
75.101852
91.075897
65.803528
77.962875
87.022781
133.037567
174.045563
106.096268
134.944916
97.990036
275.135040
89.883804
87.022781
145.912170
92.983246
104.904175
91.075897
74.148178
66.995621
75.817108
81.062317
132.083893
63.896179
109.195709
78.916550
70.095062
547.885895
87.976456
77.962875
108.003616
72.956085
87.022781
102.043152
95.129013
76.055527
83.923340
114.917755
1960.039139
96.082687
108.957291
135.183334
102.043152
1527.070999
102.043152
79.870224
132.083893
83.923340
68.902969
123.977661
109.910965
88.930130
158.071518
77.962875
115.156174
74.863434
64.849854
61.035156
84.877014
82.015991
67.949295
94.890594
175.952911
85.115433
67.949295
71.048737
97.990036
97.036362
81.062317
133.037567
1394.033432
101.089478
80.823898
72.956085
80.823898
72.002411
103.950500
84.161758
1858.949661
88.930130
135.898590
113.964081
91.075897
81.777573
71.048737
79.870224
89.168549
210.046768
77.009201
74.863434
74.148178
92.029572
75.817108
108.003616
86.069107
73.909760
76.055527
71.048737
91.075897
78.916550
144.958496
177.145004
78.916550
223.159790
100.135803
92.029572
130.891800
89.883804
79.870224
82.015991
86.069107
66.041946
61.988831
3036.022186
128.030777
70.095062
84.161758
129.938126
94.890594
103.950500
78.916550
89.883804
84.161758
81.062317
90.122223
84.877014
96.082687
78.916550
110.864639
84.877014
71.048737
107.049942
126.838684
70.095062
72.956085
102.996826
72.002411
173.091888
141.859055
70.095062
79.870224
80.108643
85.115433
84.161758
87.022781
105.142593
1432.180405
74.863434
81.062317
149.965286
102.996826
102.996826
72.956085
134.944916
78.916550
76.055527
80.108643
171.184540
92.029572
77.962875
94.175339
75.101852
87.976456
72.956085
84.877014
87.022781
104.904175
92.029572
82.969666
79.154968
78.916550
63.896179
75.101852
82.969666
100.851059
211.000443
86.069107
115.156174
130.176544
84.877014
77.962875
123.023987
70.810318
81.062317
77.009201
88.930130
118.970871
74.863434
74.863434
530.958176
76.055527
87.022781
92.029572
101.804733
80.108643
72.956085
82.015991
69.141388
169.992447
80.108643
420.808792
128.030777
180.006027
92.029572
93.936920
66.041946
169.038773
114.917755
83.923340
82.969666
72.002411
92.983246
63.896179
144.004822
74.863434
87.022781
159.025192
308.990479
74.148178
344.038010
172.853470
91.075897
79.870224
66.041946
89.883804
74.863434
132.083893
64.134598
76.770782
97.036362
385.046005
74.863434
79.870224
806.093216
80.108643
146.150589
80.108643
75.817108
122.070312
74.148178
185.966492
82.969666
72.002411
113.964081
68.902969
2689.838409
71.763992
134.944916
66.995621
96.082687
144.004822
84.161758
66.041946
123.023987
69.856644
159.978867
88.930130
77.962875
133.991241
125.885010
84.877014
88.930130
135.898590
132.083893
77.009201
130.176544
82.969666
86.069107
65.803528
75.101852
70.095062
77.009201
97.990036
92.029572
78.916550
124.931335
108.003616
65.088272
77.009201
236.034393
82.969666
132.083893
71.048737
81.062317
101.089478
80.823898
486.850739
96.082687
87.976456
74.863434
93.936920
107.049942
72.002411
77.962875
72.002411
92.983246
83.923340
72.956085
77.962875
138.044357
147.819519
72.956085
96.082687
73.909760
148.057938
984.907150
125.885010
101.089478
90.837479
74.863434
95.844269
114.917755
110.864639
66.995621
66.995621
72.956085
74.863434
118.017197
91.075897
76.055527
72.956085
75.101852
166.893005
78.916550
1389.026642
3911.972046
697.135925
529.050827
108.003616
224.113464
118.017197
463.962555
86.069107
190.019608
123.977661
459.909439
77.009201
77.962875
82.015991
113.010406
84.161758
73.909760
91.791153
80.108643
81.062317
71.048737
171.899796
71.048737
178.098679
148.773193
69.856644
112.056732
82.015991
83.923340
69.141388
75.101852
72.002411
425.100327
133.991241
92.029572
100.135803
69.856644
138.044357
63.180923
162.124634
91.075897
123.023987
92.983246
78.916550
78.201294
75.101852
97.036362
73.909760
82.015991
230.073929
928.878784
174.045563
80.108643
142.097473
85.115433
90.122223
102.043152
85.115433
115.871429
87.976456
82.015991
82.969666
68.187714
821.113586
101.089478
75.817108
96.082687
82.969666
196.218491
108.003616
132.083893
184.059143
104.188919
71.048737
82.969666
135.898590
96.797943
70.095062
67.949295
92.983246
2717.018127
66.041946
71.048737
84.877014
108.957291
72.956085
116.109848
69.856644
111.818314
100.851059
69.141388
108.957291
97.990036
107.049942
77.009201
120.878220
77.009201
127.077103
740.766525
92.983246
124.931335
84.161758
67.949295
113.010406
91.075897
82.969666
90.122223
78.916550
85.115433
61.035156
72.956085
71.048737
72.002411
69.856644
83.923340
139.951706
177.145004
146.865845
283.956528
135.898590
361.919403
165.939331
199.079514
146.150589
149.965286
2098.083496
140.190125
358.819962
195.026398
194.072723
195.026398
184.059143
154.018402
433.921814
169.992447
145.912170
138.044357
201.940536
1488.924026
219.821930
140.190125
134.944916
161.886215
185.012817
195.026398
468.015671
139.951706
189.065933
133.991241
241.994858
159.025192
205.993652
120.878220
147.104263
138.998032
128.030777
129.938126
154.018402
154.018402
153.064728
363.111496
385.999680
154.018402
143.051147
139.951706
314.950943
135.898590
209.093094
337.839127
183.105469
169.038773
185.966492
141.143799
133.991241
182.151794
145.912170
189.065933
153.064728
1098.871231
159.978867
206.947327
196.933746
195.026398
167.131424
137.090683
128.984451
189.065933
173.091888
144.004822
175.952911
194.072723
156.879425
205.993652
134.944916
385.999680
193.119049
133.991241
190.973282
204.086304
340.938568
143.051147
153.064728
139.951706
183.105469
135.183334
622.987747
169.038773
176.906586
172.853470
890.970230
185.966492
1133.918762
140.905380
136.137009
200.986862
171.899796
609.874725
159.025192
141.859055
140.190125
201.225281
127.077103
122.070312
185.966492
370.979309
193.834305
228.881836
202.894211
158.071518
230.073929
131.845474
216.007233
150.918961
379.085541
140.190125
120.878220
222.921371
452.041626
150.918961
367.879868
165.939331
328.063965
213.861465
198.841095
172.138214
677.824020
147.819519
135.898590
138.044357
262.022018
1601.934433
173.091888
202.894211
192.880630
262.975693
276.088715
215.053558
184.059143
208.139420
225.067139
452.041626
263.214111
221.014023
1738.071442
257.015228
1893.997192
139.951706
195.026398
655.889511
1440.048218
131.130219
149.011612
169.038773
406.980515
285.863876
200.033188
194.072723
144.958496
184.059143
131.130219
162.124634
791.072845
262.022018
298.976898
216.007233
145.912170
128.984451
396.013260
1389.980316
11143.922806
168.085098
159.025192
139.951706
2328.157425
173.091888
211.000443
430.107117
143.051147
186.920166
183.105469
128.984451
186.920166
180.006027
174.999237
132.083893
136.137009
941.038132
195.980072
141.143799
229.120255
435.113907
194.072723
136.137009
198.125839
288.963318
1446.008682
313.043594
166.893005
130.891800
128.030777
141.143799
171.899796
123.023987
217.914581
134.944916
128.984451
150.918961
133.991241
114.917755
238.895416
220.060349
871.181488
130.891800
191.926956
159.978867
164.031982
180.006027
149.011612
143.051147
158.071518
193.119049
192.165375
146.150589
187.873840
147.104263
203.132629
142.097473
148.057938
139.951706
209.093094
198.841095
194.072723
257.968903
149.011612
226.020813
159.025192
203.847885
159.025192
177.145004
1143.932343
139.951706
131.845474
115.156174
200.033188
749.826431
177.860260
147.104263
33193.826675
142.097473
236.988068
107.049942
213.861465
267.028809
118.970871
227.212906
108.003616
188.112259
144.004822
88.930130
424.861908
155.925751
150.918961
92.983246
241.041183
1266.002655
93.936920
82.015991
104.904175
238.895416
116.825104
24245.977402
1493.930817
456.809998
352.859497
4844.188690
751.018524
102.996826
131.130219
112.056732
104.188919
209.093094
151.872635
380.039215
93.936920
272.989273
102.043152
95.844269
526.189804
885.963440
738.859177
144.004822
200.033188
117.063522
89.883804
94.890594
92.029572
181.913376
154.018402
1232.147217
133.037567
103.950500
121.831894
958.919525
106.096268
104.188919
831.127167
128.984451
183.105469
186.920166
1157.999039
196.933746
120.162964
220.060349
154.972076
85.115433
88.930130
92.029572
122.070312
133.991241
195.980072
1064.062119
344.038010
171.899796
99.182129
159.978867
147.104263
108.957291
156.164169
141.143799
84.877014
334.978104
128.030777
174.045563
1855.134964
1797.914505
187.158585
249.862671
82.015991
342.845917
155.925751
146.865845
335.931778
137.090683
159.978867
150.918961
100.135803
109.910965
83.923340
121.116638
252.008438
133.037567
148.057938
234.127045
185.966492
143.051147
167.131424
428.915024
94.890594
236.988068
143.051147
1425.981522
660.896301
256.061554
721.931458
382.900238
245.094299
1667.022705
138.998032
1569.032669
256.061554
90.122223
2032.041550
6427.049637
702.142715
802.993774
211.000443
97.036362
146.865845
293.016434
2586.126328
104.904175
236.034393
87.022781
93.936920
154.018402
80.108643
190.973282
257.015228
82.015991
127.792358
120.878220
131.845474
6087.779999
139.951706
186.920166
235.080719
1757.860184
189.065933
133.991241
149.011612
2012.014389
107.049942
145.912170
99.897385
141.859055
91.075897
127.792358
122.070312
150.918961
164.985657
144.958496
103.950500
385.046005
163.078308
208.139420
85.830688
133.991241
150.918961
509.977341
339.984894
899.076462
82.015991
483.989716
228.881836
1485.824585
103.950500
226.974487
345.945358
10416.030884
185.012817
95.844269
113.964081
138.998032
257.015228
28450.965881
152.111053
138.998032
113.010406
687.122345
137.090683
138.998032
196.933746
143.051147
5142.927170
165.939331
104.188919
10822.057724
137.090683
143.051147
232.934952
136.137009
139.951706
113.010406
1835.823059
12175.083160
87.022781
96.797943
209.808350
98.943710
166.893005
113.010406
179.052353
171.184540
634.908676
201.940536
164.031982
339.984894
498.056412
359.773636
91.075897
212.192535
343.084335
127.077103
143.051147
272.989273
173.091888
2285.957336
267.028809
241.994858
108.003616
205.039978
116.109848
135.183334
97.036362
1309.156418
1471.996307
252.962112
92.029572
160.932541
154.972076
97.990036
150.203705
324.010849
156.164169
86.069107
